1 课0 孔老师 通识课 3255 4 12 4 100 [201311] 1
2 课1 孔老师 通识课 9394 7 34 4 100 [20131,201311,20141] 3
3 课2 孔老师 通识课 1352 9 34 4 60 [] 0
4 课3 孔老师 通识课 3495 9 12 4 60 [] 0
5 课4 孔老师 通识课 9194 10 12 4 140 [] 0
6 课5 孔老师 通识课 3212 2 34 4 30 [20131] 1
7 课6 孔老师 通识课 1375 10 34 4 100 [] 0
8 课7 孔老师 通识课 3372 2 34 4 140 [] 140
9 课8 孔老师 通识课 1155 10 34 4 60 [] 0
10 课9 孔老师 通识课 5551 8 12 4 30 [20121] 1
11 课10 孔老师 通识课 5215 7 34 4 170 [20121] 1
12 课11 孔老师 通识课 7413 1 12 4 170 [] 0
13 课12 孔老师 通识课 1234 5 34 4 100 [] 0
14 课13 孔老师 通识课 1453 9 12 4 170 [] 0
15 课14 孔老师 通识课 3473 8 34 4 170 [] 0
16 课15 孔老师 通识课 3354 1 34 4 140 [] 0
17 课16 孔老师 通识课 5451 2 34 4 30 [] 0
18 课17 孔老师 通识课 5491 6 12 4 30 [] 0
19 课18 孔老师 通识课 7393 9 12 4 100 [20121] 1
20 课19 孔老师 通识课 3115 6 34 4 100 [] 0
